# year month     decimal     average       trend
  1980     1    1980.042      338.45      337.82
  1980     2    1980.125      339.15      338.10
  1980     3    1980.208      339.47      338.13
  1980     4    1980.292      339.86      338.24
  1980     5    1980.375      340.29      338.77
  1980     6    1980.458      339.86      339.08
  1980     7    1980.542      338.34      339.19
  1980     8    1980.625      337.13      339.39
  1980     9    1980.708      336.95      339.34
  1980    10    1980.792      337.72      339.05
  1980    11    1980.875      338.83      339.16
  1980    12    1980.958      339.54      339.31
  1981     1    1981.042      340.09      339.46
  1981     2    1981.125      340.65      339.60
  1981     3    1981.208      341.28      339.93
  1981     4    1981.292      341.56      339.95
  1981     5    1981.375      341.29      339.76
  1981     6    1981.458      340.48      339.70
  1981     7    1981.542      339.10      339.94
  1981     8    1981.625      337.96      340.23
  1981     9    1981.708      337.86      340.24
  1981    10    1981.792      338.96      340.30
  1981    11    1981.875      340.06      340.39
  1981    12    1981.958      340.63      340.41
  1982     1    1982.042      341.27      340.65
  1982     2    1982.125      341.86      340.80
  1982     3    1982.208      342.13      340.75
  1982     4    1982.292      342.42      340.81
  1982     5    1982.375      342.27      340.74
  1982     6    1982.458      341.39      340.63
  1982     7    1982.542      339.66      340.51
  1982     8    1982.625      338.02      340.30
  1982     9    1982.708      338.08      340.45
  1982    10    1982.792      339.53      340.87
  1982    11    1982.875      340.86      341.19
  1982    12    1982.958      341.69      341.45
  1983     1    1983.042      342.28      341.62
  1983     2    1983.125      342.65      341.61
  1983     3    1983.208      342.94      341.61
  1983     4    1983.292      343.41      341.84
  1983     5    1983.375      343.73      342.21
  1983     6    1983.458      343.41      342.61
  1983     7    1983.542      342.04      342.81
  1983     8    1983.625      340.53      342.74
  1983     9    1983.708      340.46      342.87
  1983    10    1983.792      341.67      343.07
  1983    11    1983.875      342.71      343.07
  1983    12    1983.958      343.37      343.16
  1984     1    1984.042      344.22      343.57
  1984     2    1984.125      344.74      343.73
  1984     3    1984.208      344.86      343.51
  1984     4    1984.292      345.09      343.47
  1984     5    1984.375      345.24      343.70
  1984     6    1984.458      344.47      343.71
  1984     7    1984.542      343.11      343.92
  1984     8    1984.625      342.13      344.41
  1984     9    1984.708      342.04      344.48
  1984    10    1984.792      342.91      344.28
  1984    11    1984.875      344.08      344.39
  1984    12    1984.958      344.92      344.63
  1985     1    1985.042      345.27      344.58
  1985     2    1985.125      345.72      344.70
  1985     3    1985.208      346.56      345.24
  1985     4    1985.292      346.85      345.25
  1985     5    1985.375      346.69      345.12
  1985     6    1985.458      346.19      345.40
  1985     7    1985.542      344.88      345.70
  1985     8    1985.625      343.37      345.68
  1985     9    1985.708      343.30      345.75
  1985    10    1985.792      344.57      345.95
  1985    11    1985.875      345.70      346.02
  1985    12    1985.958      346.45      346.15
  1986     1    1986.042      347.01      346.32
  1986     2    1986.125      347.23      346.24
  1986     3    1986.208      347.60      346.28
  1986     4    1986.292      348.13      346.51
  1986     5    1986.375      348.23      346.66
  1986     6    1986.458      347.67      346.90
  1986     7    1986.542      346.21      347.05
  1986     8    1986.625      344.83      347.13
  1986     9    1986.708      344.76      347.16
  1986    10    1986.792      345.94      347.31
  1986    11    1986.875      347.22      347.55
  1986    12    1986.958      347.67      347.39
  1987     1    1987.042      347.92      347.14
  1987     2    1987.125      348.47      347.39
  1987     3    1987.208      349.20      347.78
  1987     4    1987.292      349.89      348.21
  1987     5    1987.375      350.17      348.60
  1987     6    1987.458      349.40      348.73
  1987     7    1987.542      347.83      348.80
  1987     8    1987.625      346.59      348.97
  1987     9    1987.708      346.64      349.09
  1987    10    1987.792      347.91      349.30
  1987    11    1987.875      349.19      349.52
  1987    12    1987.958      350.15      349.84
  1988     1    1988.042      350.87      350.07
  1988     2    1988.125      351.43      350.35
  1988     3    1988.208      351.81      350.36
  1988     4    1988.292      352.26      350.50
  1988     5    1988.375      352.43      350.80
  1988     6    1988.458      351.75      351.04
  1988     7    1988.542      350.27      351.24
  1988     8    1988.625      349.07      351.52
  1988     9    1988.708      349.27      351.78
  1988    10    1988.792      350.45      351.87
  1988    11    1988.875      351.63      351.98
  1988    12    1988.958      352.48      352.20
  1989     1    1989.042      353.03      352.21
  1989     2    1989.125      353.49      352.38
  1989     3    1989.208      354.04      352.62
  1989     4    1989.292      354.42      352.66
  1989     5    1989.375      354.23      352.55
  1989     6    1989.458      353.29      352.59
  1989     7    1989.542      351.58      352.60
  1989     8    1989.625      350.19      352.67
  1989     9    1989.708      350.52      353.05
  1989    10    1989.792      351.81      353.24
  1989    11    1989.875      352.99      353.33
  1989    12    1989.958      353.84      353.52
  1990     1    1990.042      354.39      353.65
  1990     2    1990.125      354.78      353.72
  1990     3    1990.208      355.09      353.68
  1990     4    1990.292      355.40      353.65
  1990     5    1990.375      355.31      353.64
  1990     6    1990.458      354.24      353.59
  1990     7    1990.542      352.63      353.70
  1990     8    1990.625      351.50      354.00
  1990     9    1990.708      351.71      354.23
  1990    10    1990.792      353.10      354.48
  1990    11    1990.875      354.34      354.62
  1990    12    1990.958      355.09      354.63
  1991     1    1991.042      355.66      354.90
  1991     2    1991.125      356.08      354.98
  1991     3    1991.208      356.54      355.13
  1991     4    1991.292      357.02      355.29
  1991     5    1991.375      357.01      355.38
  1991     6    1991.458      356.08      355.48
  1991     7    1991.542      354.44      355.53
  1991     8    1991.625      352.96      355.46
  1991     9    1991.708      352.82      355.35
  1991    10    1991.792      353.90      355.28
  1991    11    1991.875      355.06      355.30
  1991    12    1991.958      355.86      355.36
  1992     1    1992.042      356.42      355.63
  1992     2    1992.125      356.80      355.68
  1992     3    1992.208      357.16      355.71
  1992     4    1992.292      357.65      355.88
  1992     5    1992.375      357.73      356.09
  1992     6    1992.458      356.78      356.18
  1992     7    1992.542      355.09      356.22
  1992     8    1992.625      353.58      356.13
  1992     9    1992.708      353.49      356.05
  1992    10    1992.792      354.70      356.09
  1992    11    1992.875      355.87      356.11
  1992    12    1992.958      356.63      356.14
  1993     1    1993.042      357.09      356.25
  1993     2    1993.125      357.42      356.27
  1993     3    1993.208      357.82      356.39
  1993     4    1993.292      358.29      356.55
  1993     5    1993.375      358.25      356.60
  1993     6    1993.458      357.22      356.55
  1993     7    1993.542      355.62      356.63
  1993     8    1993.625      354.33      356.79
  1993     9    1993.708      354.35      356.93
  1993    10    1993.792      355.59      357.06
  1993    11    1993.875      356.83      357.17
  1993    12    1993.958      357.72      357.34
  1994     1    1994.042      358.34      357.48
  1994     2    1994.125      358.87      357.71
  1994     3    1994.208      359.22      357.79
  1994     4    1994.292      359.57      357.81
  1994     5    1994.375      359.61      357.93
  1994     6    1994.458      358.68      357.97
  1994     7    1994.542      357.16      358.14
  1994     8    1994.625      355.95      358.44
  1994     9    1994.708      355.90      358.55
  1994    10    1994.792      357.13      358.67
  1994    11    1994.875      358.57      358.92
  1994    12    1994.958      359.44      359.03
  1995     1    1995.042      360.00      359.16
  1995     2    1995.125      360.46      359.34
  1995     3    1995.208      360.89      359.53
  1995     4    1995.292      361.36      359.67
  1995     5    1995.375      361.32      359.69
  1995     6    1995.458      360.48      359.78
  1995     7    1995.542      358.84      359.83
  1995     8    1995.625      357.56      360.02
  1995     9    1995.708      357.90      360.49
  1995    10    1995.792      359.29      360.75
  1995    11    1995.875      360.62      360.90
  1995    12    1995.958      361.50      361.04
  1996     1    1996.042      361.99      361.06
  1996     2    1996.125      362.35      361.17
  1996     3    1996.208      362.67      361.26
  1996     4    1996.292      363.00      361.29
  1996     5    1996.375      363.14      361.54
  1996     6    1996.458      362.73      362.07
  1996     7    1996.542      361.43      362.46
  1996     8    1996.625      359.92      362.42
  1996     9    1996.708      359.55      362.17
  1996    10    1996.792      360.52      362.01
  1996    11    1996.875      361.63      361.94
  1996    12    1996.958      362.49      362.06
  1997     1    1997.042      363.13      362.19
  1997     2    1997.125      363.51      362.33
  1997     3    1997.208      363.86      362.47
  1997     4    1997.292      364.34      362.66
  1997     5    1997.375      364.38      362.81
  1997     6    1997.458      363.49      362.85
  1997     7    1997.542      361.82      362.84
  1997     8    1997.625      360.28      362.76
  1997     9    1997.708      360.27      362.87
  1997    10    1997.792      361.78      363.26
  1997    11    1997.875      363.46      363.74
  1997    12    1997.958      364.51      364.06
  1998     1    1998.042      365.07      364.14
  1998     2    1998.125      365.43      364.27
  1998     3    1998.208      365.82      364.43
  1998     4    1998.292      366.40      364.74
  1998     5    1998.375      366.71      365.17
  1998     6    1998.458      366.11      365.50
  1998     7    1998.542      364.68      365.72
  1998     8    1998.625      363.63      366.11
  1998     9    1998.708      363.86      366.45
  1998    10    1998.792      365.16      366.60
  1998    11    1998.875      366.42      366.67
  1998    12    1998.958      367.28      366.80
  1999     1    1999.042      367.95      367.02
  1999     2    1999.125      368.34      367.19
  1999     3    1999.208      368.73      367.35
  1999     4    1999.292      369.12      367.48
  1999     5    1999.375      369.03      367.52
  1999     6    1999.458      368.19      367.61
  1999     7    1999.542      366.53      367.56
  1999     8    1999.625      365.16      367.60
  1999     9    1999.708      365.27      367.83
  1999    10    1999.792      366.58      368.01
  1999    11    1999.875      367.89      368.13
  1999    12    1999.958      368.72      368.20
  2000     1    2000.042      369.21      368.30
  2000     2    2000.125      369.46      368.31
  2000     3    2000.208      369.78      368.40
  2000     4    2000.292      370.18      368.52
  2000     5    2000.375      370.08      368.56
  2000     6    2000.458      369.17      368.65
  2000     7    2000.542      367.79      368.92
  2000     8    2000.625      366.63      369.13
  2000     9    2000.708      366.57      369.11
  2000    10    2000.792      367.78      369.16
  2000    11    2000.875      369.12      369.30
  2000    12    2000.958      369.92      369.36
  2001     1    2001.042      370.52      369.62
  2001     2    2001.125      371.01      369.85
  2001     3    2001.208      371.41      370.00
  2001     4    2001.292      371.74      370.07
  2001     5    2001.375      371.65      370.12
  2001     6    2001.458      370.68      370.15
  2001     7    2001.542      369.29      370.39
  2001     8    2001.625      368.16      370.63
  2001     9    2001.708      368.20      370.72
  2001    10    2001.792      369.56      370.94
  2001    11    2001.875      370.88      371.09
  2001    12    2001.958      371.79      371.28
  2002     1    2002.042      372.33      371.38
  2002     2    2002.125      372.73      371.48
  2002     3    2002.208      373.21      371.69
  2002     4    2002.292      373.55      371.80
  2002     5    2002.375      373.53      371.95
  2002     6    2002.458      372.66      372.12
  2002     7    2002.542      371.25      372.38
  2002     8    2002.625      370.20      372.73
  2002     9    2002.708      370.52      373.14
  2002    10    2002.792      371.79      373.27
  2002    11    2002.875      373.11      373.40
  2002    12    2002.958      374.10      373.65
  2003     1    2003.042      374.81      373.81
  2003     2    2003.125      375.31      374.00
  2003     3    2003.208      375.72      374.15
  2003     4    2003.292      376.20      374.42
  2003     5    2003.375      376.33      374.73
  2003     6    2003.458      375.50      374.94
  2003     7    2003.542      373.98      375.11
  2003     8    2003.625      372.75      375.31
  2003     9    2003.708      372.92      375.59
  2003    10    2003.792      374.21      375.73
  2003    11    2003.875      375.50      375.83
  2003    12    2003.958      376.35      375.93
  2004     1    2004.042      377.02      376.05
  2004     2    2004.125      377.53      376.23
  2004     3    2004.208      377.96      376.37
  2004     4    2004.292      378.30      376.52
  2004     5    2004.375      378.23      376.64
  2004     6    2004.458      377.36      376.80
  2004     7    2004.542      375.82      376.99
  2004     8    2004.625      374.35      376.97
  2004     9    2004.708      374.23      376.89
  2004    10    2004.792      375.56      377.06
  2004    11    2004.875      377.03      377.33
  2004    12    2004.958      377.98      377.50
  2005     1    2005.042      378.54      377.58
  2005     2    2005.125      379.09      377.78
  2005     3    2005.208      379.70      378.10
  2005     4    2005.292      380.16      378.36
  2005     5    2005.375      380.27      378.65
  2005     6    2005.458      379.45      378.86
  2005     7    2005.542      377.78      378.92
  2005     8    2005.625      376.55      379.18
  2005     9    2005.708      376.58      379.27
  2005    10    2005.792      377.88      379.44
  2005    11    2005.875      379.35      379.69
  2005    12    2005.958      380.34      379.86
  2006     1    2006.042      381.09      380.08
  2006     2    2006.125      381.71      380.35
  2006     3    2006.208      382.11      380.49
  2006     4    2006.292      382.45      380.62
  2006     5    2006.375      382.40      380.75
  2006     6    2006.458      381.55      380.92
  2006     7    2006.542      379.88      381.06
  2006     8    2006.625      378.30      381.01
  2006     9    2006.708      378.42      381.19
  2006    10    2006.792      379.84      381.42
  2006    11    2006.875      381.21      381.53
  2006    12    2006.958      382.17      381.69
  2007     1    2007.042      382.81      381.80
  2007     2    2007.125      383.32      381.92
  2007     3    2007.208      383.78      382.13
  2007     4    2007.292      384.04      382.21
  2007     5    2007.375      383.91      382.28
  2007     6    2007.458      383.08      382.50
  2007     7    2007.542      381.37      382.61
  2007     8    2007.625      380.08      382.83
  2007     9    2007.708      380.46      383.23
  2007    10    2007.792      381.87      383.42
  2007    11    2007.875      383.20      383.48
  2007    12    2007.958      384.21      383.70
  2008     1    2008.042      384.98      383.97
  2008     2    2008.125      385.49      384.10
  2008     3    2008.208      385.90      384.27
  2008     4    2008.292      386.29      384.48
  2008     5    2008.375      386.25      384.63
  2008     6    2008.458      385.34      384.77
  2008     7    2008.542      383.86      385.17
  2008     8    2008.625      382.53      385.32
  2008     9    2008.708      382.30      385.05
  2008    10    2008.792      383.43      384.91
  2008    11    2008.875      384.92      385.16
  2008    12    2008.958      386.01      385.47
  2009     1    2009.042      386.80      385.76
  2009     2    2009.125      387.25      385.83
  2009     3    2009.208      387.49      385.84
  2009     4    2009.292      387.77      385.96
  2009     5    2009.375      387.74      386.14
  2009     6    2009.458      386.74      386.23
  2009     7    2009.542      384.80      386.20
  2009     8    2009.625      383.42      386.29
  2009     9    2009.708      383.72      386.45
  2009    10    2009.792      385.28      386.70
  2009    11    2009.875      386.74      386.92
  2009    12    2009.958      387.63      387.07
  2010     1    2010.042      388.42      387.40
  2010     2    2010.125      389.13      387.73
  2010     3    2010.208      389.47      387.83
  2010     4    2010.292      389.77      387.97
  2010     5    2010.375      389.74      388.15
  2010     6    2010.458      388.80      388.30
  2010     7    2010.542      387.16      388.54
  2010     8    2010.625      386.04      388.84
  2010     9    2010.708      386.50      389.20
  2010    10    2010.792      388.06      389.48
  2010    11    2010.875      389.43      389.62
  2010    12    2010.958      390.19      389.65
  2011     1    2011.042      390.74      389.70
  2011     2    2011.125      391.15      389.74
  2011     3    2011.208      391.46      389.83
  2011     4    2011.292      391.84      390.03
  2011     5    2011.375      391.87      390.25
  2011     6    2011.458      390.94      390.44
  2011     7    2011.542      389.00      390.37
  2011     8    2011.625      387.67      390.44
  2011     9    2011.708      388.07      390.79
  2011    10    2011.792      389.66      391.12
  2011    11    2011.875      391.03      391.24
  2011    12    2011.958      391.85      391.35
  2012     1    2012.042      392.41      391.36
  2012     2    2012.125      393.00      391.58
  2012     3    2012.208      393.53      391.90
  2012     4    2012.292      393.80      392.01
  2012     5    2012.375      393.68      392.08
  2012     6    2012.458      392.63      392.15
  2012     7    2012.542      390.81      392.23
  2012     8    2012.625      389.70      392.53
  2012     9    2012.708      390.36      393.06
  2012    10    2012.792      391.97      393.38
  2012    11    2012.875      393.36      393.52
  2012    12    2012.958      394.17      393.59
  2013     1    2013.042      394.86      393.89
  2013     2    2013.125      395.49      394.13
  2013     3    2013.208      396.07      394.47
  2013     4    2013.292      396.52      394.72
  2013     5    2013.375      396.53      394.93
  2013     6    2013.458      395.74      395.23
  2013     7    2013.542      394.27      395.63
  2013     8    2013.625      393.05      395.81
  2013     9    2013.708      393.01      395.67
  2013    10    2013.792      394.31      395.72
  2013    11    2013.875      395.76      395.94
  2013    12    2013.958      396.65      396.11
  2014     1    2014.042      397.27      396.21
  2014     2    2014.125      397.73      396.33
  2014     3    2014.208      398.03      396.37
  2014     4    2014.292      398.39      396.56
  2014     5    2014.375      398.47      396.82
  2014     6    2014.458      397.50      396.94
  2014     7    2014.542      395.91      397.24
  2014     8    2014.625      394.81      397.60
  2014     9    2014.708      394.89      397.65
  2014    10    2014.792      396.15      397.66
  2014    11    2014.875      397.63      397.90
  2014    12    2014.958      398.60      398.11
  2015     1    2015.042      399.30      398.30
  2015     2    2015.125      399.86      398.47
  2015     3    2015.208      400.30      398.67
  2015     4    2015.292      400.69      398.88
  2015     5    2015.375      400.64      399.02
  2015     6    2015.458      399.78      399.25
  2015     7    2015.542      398.12      399.46
  2015     8    2015.625      396.84      399.63
  2015     9    2015.708      397.15      399.87
  2015    10    2015.792      398.60      400.06
  2015    11    2015.875      400.15      400.36
  2015    12    2015.958      401.43      400.90
  2016     1    2016.042      402.39      401.38
  2016     2    2016.125      403.02      401.63
  2016     3    2016.208      403.58      401.95
  2016     4    2016.292      404.11      402.31
  2016     5    2016.375      404.20      402.58
  2016     6    2016.458      403.40      402.86
  2016     7    2016.542      401.86      403.20
  2016     8    2016.625      400.57      403.36
  2016     9    2016.708      400.74      403.45
  2016    10    2016.792      402.18      403.64
  2016    11    2016.875      403.54      403.75
  2016    12    2016.958      404.43      403.91
  2017     1    2017.042      405.06      404.05
  2017     2    2017.125      405.60      404.22
  2017     3    2017.208      406.03      404.39
  2017     4    2017.292      406.33      404.52
  2017     5    2017.375      406.39      404.76
  2017     6    2017.458      405.63      405.09
  2017     7    2017.542      403.86      405.20
  2017     8    2017.625      402.34      405.13
  2017     9    2017.708      402.42      405.14
  2017    10    2017.792      403.93      405.39
  2017    11    2017.875      405.51      405.72
  2017    12    2017.958      406.63      406.10
  2018     1    2018.042      407.54      406.53